1 Апельсин 1.5 2, Фейхоа 3.2 4
2 Лимон 1.2 10, Персик 1.6 1, Лимон 1.2 2, Апельсин 2.1 3, Малина 3.5 7
3 Дыня 4.5 10, Арбуз 5.0 9, Фейхоа 3.2 6, Грейпфрут 1.8 9, Слива 2.0 5
4 Апельсин 1.5 2, Слива 2.0 1
5 Банан 0.5 10, Яблоко 1.0 10, Дыня 4.5 8, Банан 0.5 5, Манго 2.8 6
6 Фейхоа 3.2 4, Клубника 2.5 6
7 Манго 2.8 4, Банан 0.5 6
8 Апельсин 1.5 2, Фейхоа 3.2 1, Слива 2.0 10, Клубника 2.5 6, Персик 1.2 6
9 Банан 0.5 7, Фейхоа 3.2 2, Черника 4.0 3, Персик 1.2 3
10 Гранат 3.0 3, Фейхоа 3.2 9, Апельсин 2.1 2
11 Фейхоа 3.2 5
12 Яблоко 1.0 5, Апельсин 2.1 4
13 Лимон 1.2 5, Грейпфрут 1.8 9, Киви 2.0 9, Грейпфрут 1.8 4, Персик 1.2 10
14 Фейхоа 3.2 8, Гранат 3.0 4
15 Груша 1.1 5, Дыня 4.5 6, Арбуз 5.0 1, Арбуз 5.0 2, Арбуз 5.0 10
16 Апельсин 2.1 2
17 Арбуз 5.0 5
18 Апельсин 2.1 7, Киви 2.0 1, Апельсин 1.5 1, Грейпфрут 1.8 2
19 Малина 3.5 3
20 Банан 0.5 9, Малина 3.5 4, Черника 4.0 1, Груша 1.1 9, Клубника 2.5 2
21 Слива 2.0 1, Грейпфрут 1.8 4, Слива 2.0 5, Арбуз 5.0 8, Апельсин 2.1 1
22 Черника 4.0 9, Киви 2.0 8, Апельсин 2.1 3
23 Клубника 2.5 2, Слива 2.0 5, Груша 1.1 8, Груша 1.1 8, Апельсин 2.1 10
24 Виноград 3.0 8, Клубника 2.5 1, Лимон 1.2 10, Слива 2.0 7
25 Арбуз 5.0 7, Дыня 4.5 9
26 Банан 0.5 1, Груша 1.1 10
27 Манго 2.8 7, Фейхоа 3.2 8, Дыня 4.5 7, Клубника 2.5 4
28 Гранат 3.0 1, Фейхоа 3.2 8, Персик 1.2 8, Фейхоа 3.2 7, Яблоко 1.0 2
29 Малина 3.5 10, Яблоко 1.0 3, Яблоко 1.0 10, Арбуз 5.0 5, Черника 4.0 1
30 Апельсин 1.5 7
31 Черника 4.0 5, Персик 1.2 3, Манго 2.8 4, Виноград 3.0 2, Малина 3.5 7
32 Грейпфрут 1.8 6, Гранат 3.0 10, Гранат 3.0 1
33 Дыня 4.5 8, Персик 1.2 6
34 Банан 0.5 6
35 Слива 2.0 8, Черника 4.0 10, Грейпфрут 1.8 10, Яблоко 1.0 9, Персик 1.6 6
36 Манго 2.8 7, Слива 2.0 9, Лимон 1.2 7, Апельсин 2.1 9
37 Слива 2.0 3
38 Апельсин 1.5 1, Фейхоа 3.2 5, Дыня 4.5 5, Яблоко 1.0 2, Манго 2.8 10
39 Банан 0.5 9
40 Апельсин 2.1 7, Фейхоа 3.2 5, Грейпфрут 1.8 4, Персик 1.2 10
41 Персик 1.2 3, Персик 1.2 4, Дыня 4.5 9, Малина 3.5 7
42 Фейхоа 3.2 2, Киви 2.0 1, Фейхоа 3.2 5, Малина 3.5 3
43 Арбуз 5.0 2, Виноград 3.0 10
44 Грейпфрут 1.8 2
45 Малина 3.5 2
46 Яблоко 1.0 8
47 Апельсин 2.1 7, Фейхоа 3.2 4, Яблоко 1.0 4, Манго 2.8 4, Арбуз 5.0 9
48 Апельсин 2.1 1, Фейхоа 3.2 5, Груша 1.1 1
49 Арбуз 5.0 9
50 Дыня 4.5 10, Банан 0.5 9
51 Дыня 4.5 9, Дыня 4.5 10, Черника 4.0 3
52 Персик 1.2 2, Апельсин 2.1 5
53 Лимон 1.2 3, Фейхоа 3.2 6, Апельсин 2.1 5, Клубника 2.5 5, Слива 2.0 9
54 Клубника 2.5 1
55 Апельсин 1.5 9
56 Черника 4.0 5, Банан 0.5 4, Яблоко 1.0 7
57 Апельсин 1.5 2, Арбуз 5.0 6, Черника 4.0 10
58 Манго 2.8 10, Апельсин 1.5 3, Арбуз 5.0 3
59 Черника 4.0 3, Персик 1.6 8
60 Черника 4.0 5
61 Банан 0.5 10
62 Персик 1.6 8, Груша 1.1 10, Гранат 3.0 5, Груша 1.1 3
63 Арбуз 5.0 9
64 Лимон 1.2 4, Слива 2.0 5, Виноград 3.0 3, Гранат 3.0 9, Киви 2.0 8
65 Грейпфрут 1.8 5, Персик 1.6 1
66 Фейхоа 3.2 9, Черника 4.0 2, Персик 1.2 9, Слива 2.0 9
67 Фейхоа 3.2 7, Груша 1.1 1
68 Малина 3.5 7, Манго 2.8 10, Арбуз 5.0 1
69 Персик 1.2 9, Виноград 3.0 2, Виноград 3.0 5, Яблоко 1.0 7
70 Грейпфрут 1.8 1, Персик 1.2 2, Малина 3.5 3, Грейпфрут 1.8 2, Персик 1.6 9
71 Персик 1.6 5, Грейпфрут 1.8 1
72 Киви 2.0 7, Дыня 4.5 5, Виноград 3.0 1, Персик 1.6 2
73 Манго 2.8 8, Грейпфрут 1.8 6
74 Клубника 2.5 1
75 Груша 1.1 7, Апельсин 1.5 1, Арбуз 5.0 4
76 Лимон 1.2 2, Грейпфрут 1.8 2, Банан 0.5 4
77 Грейпфрут 1.8 9
78 Черника 4.0 9, Виноград 3.0 2
79 Фейхоа 3.2 1, Груша 1.1 1, Арбуз 5.0 9
80 Малина 3.5 4, Манго 2.8 5, Клубника 2.5 4
81 Малина 3.5 6
82 Фейхоа 3.2 3
83 Яблоко 1.0 2, Виноград 3.0 6, Грейпфрут 1.8 3, Апельсин 1.5 10
84 Виноград 3.0 3
85 Виноград 3.0 7, Малина 3.5 2, Фейхоа 3.2 1, Фейхоа 3.2 9
86 Банан 0.5 4, Гранат 3.0 6
87 Банан 0.5 7, Клубника 2.5 10, Черника 4.0 4, Апельсин 2.1 3
88 Малина 3.5 7
89 Апельсин 1.5 6
90 Груша 1.1 1, Груша 1.1 7, Грейпфрут 1.8 2, Киви 2.0 1, Персик 1.2 4
91 Манго 2.8 7, Груша 1.1 9, Груша 1.1 6, Слива 2.0 1
92 Арбуз 5.0 3, Апельсин 2.1 4
93 Апельсин 1.5 9, Лимон 1.2 4, Виноград 3.0 3
94 Фейхоа 3.2 6
95 Банан 0.5 5, Слива 2.0 4, Виноград 3.0 6, Манго 2.8 2, Груша 1.1 6
96 Малина 3.5 10, Апельсин 2.1 3, Груша 1.1 6, Фейхоа 3.2 7, Арбуз 5.0 3
97 Лимон 1.2 4, Лимон 1.2 2
98 Дыня 4.5 2
99 Персик 1.2 2, Персик 1.6 4, Клубника 2.5 4
100 Черника 4.0 3, Черника 4.0 7, Грейпфрут 1.8 6
